29974
10006
25
27
57007
2181
23305
90
92
4301
4299
3899
27125
10142
207
208
10000
217
238
139285
286
324
9582
367
369
23092
394
9639
55160
23365
8289
57492
196528
405
79058
171023
55252
466
471
472
476
492
545
546
8312
8313
567
8314
580
581
11177
8915
53335
64919
596
83596
602
604
605
607
283149
9774
54880
63035
613
330
57448
641
653
657
673
672
675
8019
23476
83990
694
695
701
145788
776
811
23261
124583
84433
833
836
841
842
863
865
867
868
23624
8030
57820
892
595
894
896
898
1233
1236
30835
29126
940
972
973
974
79577
999
1008
1009
1015
51755
1019
1021
1026
1027
1029
1031
1045
1050
84902
79145
1106
1108
11200
26511
50515
23152
4261
6249
10978
1213
8218
168975
7555
4849
26047
11064
1277
1280
1281
1345
22849
1385
90993
64764
1387
64109
51340
23373
64784
1436
1441
114788
10664
1496
1499
1500
1501
8452
1523
7852
1540
1558
57105
1616
340578
1630
1639
1643
1649
4921
1662
1654
1655
1656
7913
54487
23405
3337
1785
1788
29102
22947
1879
345930
8726
1956
107984923
3646
1974
1999
2000
2005
8178
2006
27436
2033
2034
2042
2045
2060
2064
2065
2066
23085
2068
2071
2072
100533467
2078
2099
55500
2115
2118
2119
2120
2130
2131
2132
2146
7430
9715
51059
442444
2175
2176
2177
2178
2188
2189
355
2195
120114
79633
2199
80204
55294
2213
83417
2237
2242
54738
2260
11116
2263
2261
2264
2271
2272
81608
11328
201163
2313
2316
2322
2324
23048
3169
668
2308
2309
4303
27086
283150
10272
8880
2521
8522
2623
2624
2625
2735
8833
2767
2776
2778
9950
57120
2719
2262
10243
2903
2913
3020
3021
9709
23462
3091
3092
8358
8294
3105
3131
3159
8091
283651
6927
3181
84376
3207
3209
3205
3227
3229
3237
3239
3265
3320
3326
3399
3417
3418
10644
3492
50802
3535
3551
10320
3558
50615
3572
3575
3662
8471
91464
3685
3702
3716
3717
3718
221895
3725
7994
23522
11143
3762
5927
8242
7403
3791
2531
9817
57670
3799
3815
9314
1316
3817
4297
58508
8085
57082
90417
3845
3895
23185
3927
9113
26524
3932
3936
51176
23484
10186
3977
4000
4004
4005
4026
121227
53353
26065
4066
8216
346389
4094
9935
378938
10892
84441
5604
5605
6416
4214
9175
5594
4149
151963
4193
4194
259283
2122
9968
4221
4233
4255
4286
4291
4292
4298
8028
10962
4300
4302
4330
3110
4352
57591
4436
2956
124540
4478
4515
2475
4582
94025
4585
4595
4602
4609
4610
4613
4615
4629
4627
4644
4654
55728
4665
4666
26960
4683
51517
8648
10499
8031
9611
9612
10397
4763
4771
4773
4780
4781
4791
4794
51199
7080
4841
4851
4853
4869
8013
4893
3084
64324
7468
54904
22978
4913
4914
4916
4926
8021
4928
256646
729262
728130
10215
4958
286530
26986
5049
79728
23598
5077
5079
5081
7849
55193
5087
5093
5108
80380
9659
5155
5156
5159
5187
84295
8929
8301
5290
5291
5295
5292
5324
5335
5371
5378
5395
5424
5426
5428
10721
25913
5450
5460
5468
8496
8493
5518
5537
5546
639
63976
7799
80243
5551
5566
5573
5579
25766
5396
11168
5727
5728
5753
5781
5783
5777
5787
5788
5789
5796
11122
114825
9444
9135
5879
5884
5885
5890
5894
5900
5903
5910
5914
5925
8241
64783
9401
5966
5979
55159
653489
6000
387
399
116028
57674
54894
6092
6098
6134
6146
6125
6184
340419
84870
861
862
6278
57167
51119
6385
6389
54949
6390
6391
6392
5413
23157
10801
6418
26040
23067
29072
9869
23451
6421
6424
6446
10019
6455
57698
140885
6495
10736
6497
10568
85414
4087
4088
4089
6597
6598
6602
6605
8243
6608
27044
92017
8651
6657
11166
92521
23013
8405
6714
9901
6427
6428
6760
26039
6756
6757
6759
10274
10735
6774
6777
6778
6491
6794
6801
51684
23512
6850
8148
6886
6887
79718
6926
6917
6938
6929
6934
8115
7006
54855
7015
80312
54790
7030
7942
10342
29844
7037
7048
9967
3195
30012
55654
7113
3371
7128
8764
608
7150
7157
8626
7170
7171
7175
6955
84231
6957
6964
8805
5987
51592
9321
8295
7248
7249
7253
7307
51366
84101
9098
9101
7409
7428
143187
7454
80304
11197
65268
7486
7490
25937
7507
7508
7514
7531
7704
55596
6935
463
7750
9203
55422
171017
353088
90827
25925
84133
8233
