25
90
92
207
238
139285
324
367
8289
57492
171023
472
476
545
546
8312
8313
567
8314
604
283149
63035
330
641
657
673
672
675
83990
695
701
776
811
84433
867
868
974
79577
999
51755
1019
1029
1050
1108
23152
4849
1280
1387
64109
1441
10664
1499
1523
7852
1540
1616
1643
4921
1654
23405
1785
1788
29102
345930
1956
2033
2034
2064
2065
2066
2068
2071
2072
2073
2099
55500
2131
2132
2146
54855
2175
2176
2177
2189
355
2195
79633
80204
55294
2242
2263
2261
2264
2271
201163
2322
3169
668
2623
2624
2767
2776
2778
2719
2903
3020
3021
3091
8358
6927
3265
3417
3418
3551
3575
3716
3717
3718
3762
8242
3791
9817
3815
9314
1316
8085
3845
51176
53353
8216
5604
5605
6416
4214
5594
4149
9968
4221
4233
4292
4352
4436
2956
2475
4595
4615
4654
4683
9611
9612
4763
4771
4780
4794
4851
4853
4893
22978
79728
5079
55193
5156
84295
8929
5290
5295
5335
5378
5395
5426
25913
8493
5518
5537
639
80243
5566
5573
5727
5728
5753
5781
5783
5787
5788
11122
9444
5879
5885
5925
8241
5979
387
54894
6134
6125
57167
6389
6390
6391
6392
26040
29072
23451
6424
10019
4087
4088
4089
6597
6605
6608
23013
8405
6714
6427
10735
6774
6777
6794
79718
6926
7015
54790
7048
8764
7157
8626
84231
8295
7248
7249
7253
7307
51366
9101
7428
7454
7486
7490
7507
7508
7514
463
8233
